38
Saustralis           0.0000000 0.8174353 0.3656382 0.7242570 0.6947090 0.7320124 0.8708868 0.3976624 0.7435531 0.6975247 0.7593871 0.8726969 0.4122084 0.9294047 0.7415868 0.6490364 0.7908636 0.8250400 0.6646519 0.7702743 0.7637618 0.7305609 0.6630943 0.7214485 0.8641768 0.7721207 0.8449489 0.7156097 0.8438804 0.8194145 1.0205144 0.4919518 0.6425707 0.6920319 0.7143797 0.8372480 0.9185803 1.0205144 
Gdaviesi             0.8174353 0.0000000 0.9164896 0.3572467 0.3746426 0.4908948 1.0253333 0.7490699 0.4828878 0.4485073 0.5697449 0.7793459 0.9484772 0.4236094 0.4568172 0.4071416 0.4230004 0.4489347 0.4405243 0.4591774 0.7553695 0.4316175 0.4267030 0.3832586 0.5018652 0.4941880 0.4921959 0.4175555 0.4136065 0.5284624 0.8179760 0.7598437 0.4012497 0.4977345 0.5415853 0.4726825 0.4879238 0.8179760 
Mminimus             0.3656382 0.9164896 0.0000000 0.7697607 0.7959381 0.8134449 0.8355104 0.4713208 0.7815531 0.8620981 0.7191149 0.9258242 0.0971069 0.9737548 0.8783981 0.8040172 0.7899306 0.9084727 0.8214655 0.9018917 0.7742474 0.8704545 0.6614546 0.7759789 0.9084919 0.8545299 0.9641242 0.8293915 0.9699764 0.9395545 1.0349329 0.4936582 0.6276825 0.8455740 0.8253284 0.9465649 0.8852610 1.0349329 
Pgenovensium         0.7242570 0.3572467 0.7697607 0.0000000 0.4123251 0.4304710 0.9707106 0.7372101 0.3666692 0.4365409 0.4182412 0.7691089 0.8258667 0.4293423 0.4469021 0.4013641 0.3733111 0.3078345 0.4038434 0.3708683 0.6066652 0.3785577 0.4563173 0.4386185 0.4688833 0.3121441 0.3304840 0.2936034 0.5229846 0.4511343 0.7961225 0.7942464 0.2963331 0.3317913 0.5704984 0.3326421 0.3242533 0.7961225 
Cbrevicauda          0.6947090 0.3746426 0.7959381 0.4123251 0.0000000 0.4458178 1.0851877 0.7261452 0.4538443 0.4297190 0.5337164 0.8757287 0.7659785 0.3849045 0.4302672 0.3845089 0.3639353 0.4614378 0.4398461 0.4028776 0.7679807 0.3735270 0.3868069 0.3802830 0.4609944 0.4828827 0.5060265 0.4777169 0.4457929 0.4810431 0.8236236 0.8700396 0.3958564 0.4756675 0.5307038 0.5074991 0.4817292 0.8236236 
Lbrasiliense_isolate 0.7320124 0.4908948 0.8134449 0.4304710 0.4458178 0.0000000 1.2225743 0.7936210 0.5491749 0.5427256 0.6206303 0.9497438 0.8305829 0.5735241 0.5665037 0.3458762 0.4468678 0.5336986 0.5333146 0.2271534 0.7959238 0.4201327 0.4551605 0.4277145 0.4555085 0.5809387 0.5520409 0.4950910 0.5143502 0.4324860 0.9595784 0.8603759 0.5173064 0.5807541 0.6370585 0.5464991 0.5654365 0.9595784 
Saraneus             0.8708868 1.0253333 0.8355104 0.9707106 1.0851877 1.2225743 0.0000000 0.9347099 1.0495571 1.0895268 1.2617105 1.0911415 0.7653916 0.9656090 1.1078495 1.0202869 0.9805373 1.2093546 1.0306461 0.9735343 1.0277907 1.1506428 0.8873360 0.9473907 1.1220592 1.0351190 1.1941294 0.9998310 1.1736486 1.1194429 1.4407948 1.0621256 1.0194879 1.0502177 1.1901122 1.2036762 1.1333047 1.4407948 
Mmelanops            0.3976624 0.7490699 0.4713208 0.7372101 0.7261452 0.7936210 0.9347099 0.0000000 0.8659403 0.7532648 0.8452437 0.8681997 0.4282980 0.8018873 0.7829668 0.6998649 0.8189399 0.8948917 0.7431491 0.7257203 0.6155472 0.7497275 0.6255010 0.8103864 0.9026936 0.8602946 0.9190980 0.8040800 0.8592448 0.8661731 0.8683296 0.3176236 0.6762285 0.8280633 0.8097152 0.9072737 0.9959854 0.8683296 
Hcadenai             0.7435531 0.4828878 0.7815531 0.3666692 0.4538443 0.5491749 1.0495571 0.8659403 0.0000000 0.4504584 0.7374792 0.8678323 0.7320367 0.3670257 0.4735000 0.3968181 0.4014807 0.3681545 0.4654289 0.4316126 0.8036763 0.3911464 0.5208330 0.4312423 0.5441863 0.1680336 0.3899970 0.3925197 0.5815857 0.6598112 0.9808661 0.8546610 0.1744508 0.1394987 0.5971613 0.4023569 0.3425239 0.9808661 
Lcurasoae            0.6975247 0.4485073 0.8620981 0.4365409 0.4297190 0.5427256 1.0895268 0.7532648 0.4504584 0.0000000 0.4418036 0.7458987 0.6732924 0.3521010 0.0064491 0.3900951 0.3664446 0.4629152 0.2098656 0.4602038 0.8883099 0.3778813 0.4098294 0.4667124 0.5656351 0.4718152 0.4849258 0.4374006 0.3763306 0.5739721 0.8033044 0.8346520 0.4272746 0.4475406 0.6541746 0.4471789 0.5166080 0.8033044 
Drotundus            0.7593871 0.5697449 0.7191149 0.4182412 0.5337164 0.6206303 1.2617105 0.8452437 0.7374792 0.4418036 0.0000000 0.7855591 0.7102469 0.5574985 0.4155908 0.5189614 0.5692136 0.5326170 0.4814160 9.0000000 0.9181262 0.5551876 0.5075277 0.5611298 0.5140407 0.6097245 0.6089458 0.5358048 0.6171628 0.5842566 1.2199548 1.0089016 0.5356279 0.6449177 0.6146235 0.5435004 0.6029912 1.2199548 
Nalbiventris         0.8726969 0.7793459 0.9258242 0.7691089 0.8757287 0.9497438 1.0911415 0.8681997 0.8678323 0.7458987 0.7855591 0.0000000 1.0399369 0.7591644 0.7635664 0.7700973 0.7840890 0.9943344 0.7331830 0.8218877 1.1301815 0.7947464 0.6258936 0.7405826 0.9431483 0.8228143 0.8921895 0.8155751 0.5625583 0.8885886 1.4049414 0.9395126 0.7149146 0.7437925 0.9018964 0.8643734 0.9898568 1.4049414 
Msobrinus            0.4122084 0.9484772 0.0971069 0.8258667 0.7659785 0.8305829 0.7653916 0.4282980 0.7320367 0.6732924 0.7102469 1.0399369 0.0000000 0.9278533 0.6654386 0.7770322 0.7803682 0.9525153 0.6836441 0.6864000 0.7531254 0.7971369 0.6278927 0.8347805 0.7470434 0.8181226 1.0860957 1.0247040 0.7775751 0.9762104 1.2568685 0.4501946 0.6058161 0.7870537 1.0056105 1.0632071 0.8491161 1.2568685 
Glongirostris        0.9294047 0.4236094 0.9737548 0.4293423 0.3849045 0.5735241 0.9656090 0.8018873 0.3670257 0.3521010 0.5574985 0.7591644 0.9278533 0.0000000 0.3550134 0.3507146 0.1759320 0.5107021 0.3234442 0.5661475 0.8338895 0.4243908 0.4776243 0.4161943 0.5043923 0.3463906 0.5117308 0.5254915 0.5195143 0.5820909 0.9978147 0.8723267 0.3767355 0.3614047 0.6408324 0.5385796 0.5394206 0.9978147 
Lyerbabuenae         0.7415868 0.4568172 0.8783981 0.4469021 0.4302672 0.5665037 1.1078495 0.7829668 0.4735000 0.0064491 0.4155908 0.7635664 0.6654386 0.3550134 0.0000000 0.4096752 0.3835954 0.4844165 0.2141336 0.4745526 0.9482788 0.3951491 0.4191981 0.4961482 0.5752321 0.4653493 0.5125196 0.4598371 0.3784853 0.6045927 0.8810003 0.8665563 0.4459524 0.4460793 0.6889462 0.4783493 0.5313286 0.8810003 
Ageoffroyi           0.6490364 0.4071416 0.8040172 0.4013641 0.3845089 0.3458762 1.0202869 0.6998649 0.3968181 0.3900951 0.5189614 0.7700973 0.7770322 0.3507146 0.4096752 0.0000000 0.3673873 0.4422341 0.3671456 0.3586518 0.8271356 0.3304734 0.3469496 0.4183335 0.4154888 0.4338936 0.5135950 0.3739883 0.5276272 0.4516733 0.9413013 0.8204855 0.3532721 0.4007768 0.5570021 0.4960330 0.4846916 0.9413013 
Gsoricina            0.7908636 0.4230004 0.7899306 0.3733111 0.3639353 0.4468678 0.9805373 0.8189399 0.4014807 0.3664446 0.5692136 0.7840890 0.7803682 0.1759320 0.3835954 0.3673873 0.0000000 0.5185892 0.3384647 0.4975406 0.7482905 0.3991271 0.5096779 0.4249892 0.5149025 0.4116938 0.4285721 0.5199526 0.4616969 0.5583447 0.7757097 0.8495791 0.3793597 0.4141828 0.5781446 0.4519955 0.5050925 0.7757097 
Lrobusta             0.8250400 0.4489347 0.9084727 0.3078345 0.4614378 0.5336986 1.2093546 0.8948917 0.3681545 0.4629152 0.5326170 0.9943344 0.9525153 0.5107021 0.4844165 0.4422341 0.5185892 0.0000000 0.4594960 0.4154313 0.8032849 0.4418227 0.4293604 0.4415749 0.5647815 0.3616004 0.2951220 0.3242252 0.5647846 0.5799662 0.9055017 0.8952374 0.3439274 0.3863239 0.6156915 0.2652853 0.3443445 0.9055017 
Lnivalis             0.6646519 0.4405243 0.8214655 0.4038434 0.4398461 0.5333146 1.0306461 0.7431491 0.4654289 0.2098656 0.4814160 0.7331830 0.6836441 0.3234442 0.2141336 0.3671456 0.3384647 0.4594960 0.0000000 0.4538371 0.8661854 0.3905163 0.4005586 0.4146424 0.5642527 0.4694211 0.4852518 0.4579301 0.3747186 0.5221113 0.9170803 0.7993735 0.4061955 0.4106532 0.6015590 0.4851337 0.5132838 0.9170803 
Phastatus            0.7702743 0.4591774 0.9018917 0.3708683 0.4028776 0.2271534 0.9735343 0.7257203 0.4316126 0.4602038 9.0000000 0.8218877 0.6864000 0.5661475 0.4745526 0.3586518 0.4975406 0.4154313 0.4538371 0.0000000 0.9722260 0.3539132 0.3550688 0.4871434 0.4365814 0.3907730 0.5134525 0.3458145 0.5092621 0.3037180 8.9999987 0.7533935 0.4646133 0.3948212 0.4722339 0.5460386 0.4521684 8.9999987 
Mnigricans           0.7637618 0.7553695 0.7742474 0.6066652 0.7679807 0.7959238 1.0277907 0.6155472 0.8036763 0.8883099 0.9181262 1.1301815 0.7531254 0.8338895 0.9482788 0.8271356 0.7482905 0.8032849 0.8661854 0.9722260 0.0000000 0.8844593 0.8132828 0.7877750 0.8530312 0.7239837 0.8040120 0.6878557 0.8666971 0.8266137 1.0749785 0.7040098 0.7584477 0.8904792 0.9733950 0.8125825 0.8166484 1.0749785 
Bcavernarum          0.7305609 0.4316175 0.8704545 0.3785577 0.3735270 0.4201327 1.1506428 0.7497275 0.3911464 0.3778813 0.5551876 0.7947464 0.7971369 0.4243908 0.3951491 0.3304734 0.3991271 0.4418227 0.3905163 0.3539132 0.8844593 0.0000000 0.3669759 0.4297483 0.4879963 0.3839127 0.4642366 0.4043632 0.4850752 0.4223656 0.7904129 0.8406565 0.3362988 0.3814774 0.5207390 0.4565472 0.4209400 0.7904129 
Mmegalotis           0.6630943 0.4267030 0.6614546 0.4563173 0.3868069 0.4551605 0.8873360 0.6255010 0.5208330 0.4098294 0.5075277 0.6258936 0.6278927 0.4776243 0.4191981 0.3469496 0.5096779 0.4293604 0.4005586 0.3550688 0.8132828 0.3669759 0.0000000 0.4057821 0.5300730 0.5041283 0.5444452 0.4490525 0.3974245 0.4092167 1.0835376 0.7521696 0.4624413 0.4606049 0.5255166 0.5010899 0.5170759 1.0835376 
Alituratus           0.7214485 0.3832586 0.7759789 0.4386185 0.3802830 0.4277145 0.9473907 0.8103864 0.4312423 0.4667124 0.5611298 0.7405826 0.8347805 0.4161943 0.4961482 0.4183335 0.4249892 0.4415749 0.4146424 0.4871434 0.7877750 0.4297483 0.4057821 0.0000000 0.5200860 0.4967961 0.5242167 0.3963025 0.4563552 0.5421824 0.8983779 0.8366323 0.4226894 0.4747037 0.5540813 0.5211185 0.5245903 0.8983779 
Laurita              0.8641768 0.5018652 0.9084919 0.4688833 0.4609944 0.4555085 1.1220592 0.9026936 0.5441863 0.5656351 0.5140407 0.9431483 0.7470434 0.5043923 0.5752321 0.4154888 0.5149025 0.5647815 0.5642527 0.4365814 0.8530312 0.4879963 0.5300730 0.5200860 0.0000000 0.6048698 0.6021917 0.4949213 0.6408217 0.5606896 0.8602918 1.0087164 0.4845354 0.5907587 0.7055713 0.6060861 0.5468033 0.8602918 
Hpattoni             0.7721207 0.4941880 0.8545299 0.3121441 0.4828827 0.5809387 1.0351190 0.8602946 0.1680336 0.4718152 0.6097245 0.8228143 0.8181226 0.3463906 0.4653493 0.4338936 0.4116938 0.3616004 0.4694211 0.3907730 0.7239837 0.3839127 0.5041283 0.4967961 0.6048698 0.0000000 0.4215730 0.3474221 0.5724715 0.6314375 1.0660340 0.9291069 0.1698246 0.0720951 0.6650117 0.4280137 0.3194102 1.0660340 
Lhesperia            0.8449489 0.4921959 0.9641242 0.3304840 0.5060265 0.5520409 1.1941294 0.9190980 0.3899970 0.4849258 0.6089458 0.8921895 1.0860957 0.5117308 0.5125196 0.5135950 0.4285721 0.2951220 0.4852518 0.5134525 0.8040120 0.4642366 0.5444452 0.5242167 0.6021917 0.4215730 0.0000000 0.3855558 0.5214091 0.6548419 1.1451128 0.9176246 0.3653874 0.4066452 0.6557159 0.0603467 0.3101268 1.1451128 
Xvieirai             0.7156097 0.4175555 0.8293915 0.2936034 0.4777169 0.4950910 0.9998310 0.8040800 0.3925197 0.4374006 0.5358048 0.8155751 1.0247040 0.5254915 0.4598371 0.3739883 0.5199526 0.3242252 0.4579301 0.3458145 0.6878557 0.4043632 0.4490525 0.3963025 0.4949213 0.3474221 0.3855558 0.0000000 0.5482917 0.4639497 0.9776039 0.8307417 0.3424600 0.3971680 0.6048710 0.3556048 0.3606047 0.9776039 
Rpumilio             0.8438804 0.4136065 0.9699764 0.5229846 0.4457929 0.5143502 1.1736486 0.8592448 0.5815857 0.3763306 0.6171628 0.5625583 0.7775751 0.5195143 0.3784853 0.5276272 0.4616969 0.5647846 0.3747186 0.5092621 0.8666971 0.4850752 0.3974245 0.4563552 0.6408217 0.5724715 0.5214091 0.5482917 0.0000000 0.5974853 1.3285914 0.9086550 0.6187479 0.5462564 0.5080516 0.5410623 0.5167457 1.3285914 
Vspectrum            0.8194145 0.5284624 0.9395545 0.4511343 0.4810431 0.4324860 1.1194429 0.8661731 0.6598112 0.5739721 0.5842566 0.8885886 0.9762104 0.5820909 0.6045927 0.4516733 0.5583447 0.5799662 0.5221113 0.3037180 0.8266137 0.4223656 0.4092167 0.5421824 0.5606896 0.6314375 0.6548419 0.4639497 0.5974853 0.0000000 1.1341242 0.8715946 0.5842800 0.6064363 0.6357120 0.6085724 0.6488595 1.1341242 
Mtuberculata         1.0205144 0.8179760 1.0349329 0.7961225 0.8236236 0.9595784 1.4407948 0.8683296 0.9808661 0.8033044 1.2199548 1.4049414 1.2568685 0.9978147 0.8810003 0.9413013 0.7757097 0.9055017 0.9170803 8.9999987 1.0749785 0.7904129 1.0835376 0.8983779 0.8602918 1.0660340 1.1451128 0.9776039 1.3285914 1.1341242 0.0000000 1.0676025 0.9574721 0.9879262 0.8903755 1.0616322 0.8795299 0.0000010 
Mfardoulisi          0.4919518 0.7598437 0.4936582 0.7942464 0.8700396 0.8603759 1.0621256 0.3176236 0.8546610 0.8346520 1.0089016 0.9395126 0.4501946 0.8723267 0.8665563 0.8204855 0.8495791 0.8952374 0.7993735 0.7533935 0.7040098 0.8406565 0.7521696 0.8366323 1.0087164 0.9291069 0.9176246 0.8307417 0.9086550 0.8715946 1.0676025 0.0000000 0.7161313 0.8949317 0.7291543 0.9181603 0.9838657 1.0676025 
Hdashe               0.6425707 0.4012497 0.6276825 0.2963331 0.3958564 0.5173064 1.0194879 0.6762285 0.1744508 0.4272746 0.5356279 0.7149146 0.6058161 0.3767355 0.4459524 0.3532721 0.3793597 0.3439274 0.4061955 0.4646133 0.7584477 0.3362988 0.4624413 0.4226894 0.4845354 0.1698246 0.3653874 0.3424600 0.6187479 0.5842800 0.9574721 0.7161313 0.0000000 0.1773143 0.5440969 0.3760098 0.3375545 0.9574721 
Hthomasi             0.6920319 0.4977345 0.8455740 0.3317913 0.4756675 0.5807541 1.0502177 0.8280633 0.1394987 0.4475406 0.6449177 0.7437925 0.7870537 0.3614047 0.4460793 0.4007768 0.4141828 0.3863239 0.4106532 0.3948212 0.8904792 0.3814774 0.4606049 0.4747037 0.5907587 0.0720951 0.4066452 0.3971680 0.5462564 0.6064363 0.9879262 0.8949317 0.1773143 0.0000000 0.6171268 0.4088821 0.3285789 0.9879262 
Mcalifornicus        0.7143797 0.5415853 0.8253284 0.5704984 0.5307038 0.6370585 1.1901122 0.8097152 0.5971613 0.6541746 0.6146235 0.9018964 1.0056105 0.6408324 0.6889462 0.5570021 0.5781446 0.6156915 0.6015590 0.4722339 0.9733950 0.5207390 0.5255166 0.5540813 0.7055713 0.6650117 0.6557159 0.6048710 0.5080516 0.6357120 0.8903755 0.7291543 0.5440969 0.6171268 0.0000000 0.6880341 0.6289710 0.8903755 
Lconcava             0.8372480 0.4726825 0.9465649 0.3326421 0.5074991 0.5464991 1.2036762 0.9072737 0.4023569 0.4471789 0.5435004 0.8643734 1.0632071 0.5385796 0.4783493 0.4960330 0.4519955 0.2652853 0.4851337 0.5460386 0.8125825 0.4565472 0.5010899 0.5211185 0.6060861 0.4280137 0.0603467 0.3556048 0.5410623 0.6085724 1.0616322 0.9181603 0.3760098 0.4088821 0.6880341 0.0000000 0.3075948 1.0616322 
Lspurrelli           0.9185803 0.4879238 0.8852610 0.3242533 0.4817292 0.5654365 1.1333047 0.9959854 0.3425239 0.5166080 0.6029912 0.9898568 0.8491161 0.5394206 0.5313286 0.4846916 0.5050925 0.3443445 0.5132838 0.4521684 0.8166484 0.4209400 0.5170759 0.5245903 0.5468033 0.3194102 0.3101268 0.3606047 0.5167457 0.6488595 0.8795299 0.9838657 0.3375545 0.3285789 0.6289710 0.3075948 0.0000000 0.8795299 
Mtuberculata_        1.0205144 0.8179760 1.0349329 0.7961225 0.8236236 0.9595784 1.4407948 0.8683296 0.9808661 0.8033044 1.2199548 1.4049414 1.2568685 0.9978147 0.8810003 0.9413013 0.7757097 0.9055017 0.9170803 8.9999987 1.0749785 0.7904129 1.0835376 0.8983779 0.8602918 1.0660340 1.1451128 0.9776039 1.3285914 1.1341242 0.0000010 1.0676025 0.9574721 0.9879262 0.8903755 1.0616322 0.8795299 0.0000000 
